0 4408
0 4412
0 4418
0 4463
0 4465
0 4467
3 4412
3 4418
3 4425
3 4467
3 4469
6 4418
6 4425
6 4432
6 4469
6 4471
8 4425
8 4432
8 4437
8 4471
8 4473
10 4432
10 4437
10 4441
10 4471
10 4473
10 4475
12 4437
12 4441
12 4445
12 4473
12 4475
12 4477
14 4441
14 4445
14 4448
14 4475
14 4477
14 4479
16 4445
16 4448
16 4451
16 4477
16 4479
18 4448
18 4451
18 4454
18 4479
18 4481
20 4451
20 4454
20 4457
20 4481
20 4483
22 4454
22 4457
22 4459
22 4483
22 4485
24 4457
24 4459
24 4461
24 4483
24 4485
24 4487
26 4459
26 4461
26 4463
26 4485
26 4487
28 4461
28 4463
28 4465
28 4487
28 4489
30 4465
30 4467
30 4489
30 4491
32 4467
32 4469
32 4491
32 4493
34 4469
34 4471
34 4493
34 4495
36 4471
36 4473
36 4495
36 4497
38 4473
38 4475
38 4495
38 4497
38 4499
40 4475
40 4477
40 4497
40 4499
40 4501
42 4477
42 4479
42 4499
42 4501
44 4479
44 4481
44 4501
44 4503
46 4481
46 4483
46 4503
46 4505
48 4483
48 4485
48 4505
48 4507
50 4485
50 4487
50 4507
50 4509
52 4485
52 4487
52 4489
52 4509
52 4511
54 4487
54 4489
54 4491
54 4509
54 4511
56 4489
56 4491
56 4511
56 4513
58 4491
58 4493
58 4513
58 4515
60 4493
60 4495
60 4515
60 4517
62 4495
62 4497
62 4517
62 4519
64 4497
64 4499
64 4517
64 4519
64 4521
66 4497
66 4499
66 4501
66 4519
66 4521
68 4499
68 4501
68 4521
68 4523
70 4501
70 4503
70 4523
70 4525
72 4503
72 4505
72 4523
72 4525
72 4527
74 4503
74 4505
74 4507
74 4525
74 4527
76 4505
76 4507
76 4527
76 4529
78 4507
78 4509
78 4527
78 4529
78 4531
81 4509
81 4511
81 4529
81 4531
81 4533
84 1562
84 1565
84 4511
84 4513
84 4531
84 4533
87 1556
87 1559
87 1562
87 1565
87 1568
87 1571
87 1574
87 4511
87 4513
87 4533
87 4535
90 1553
90 1556
90 1559
90 1562
90 1565
90 1568
90 1571
90 1574
90 1577
90 4513
90 4515
90 4535
90 4537
93 1550
93 1553
93 1556
93 1559
93 1562
93 1565
93 1568
93 1571
93 1574
93 1577
93 4515
93 4517
93 4535
93 4537
93 4539
97 1547
97 1550
97 1553
97 1571
97 1574
97 1577
97 1580
97 4515
97 4517
97 4519
97 4537
97 4539
101 1544
101 1547
101 1550
101 1577
101 1580
101 1583
101 4517
101 4519
101 4539
105 1541
105 1544
105 1547
105 1577
105 1580
105 1583
105 4519
105 4521
109 1541
109 1544
109 1547
109 1580
109 1583
109 1586
109 4519
109 4521
109 4523
114 1541
114 1544
114 1547
114 1583
114 1586
114 1589
114 4521
114 4523
119 1541
119 1544
119 1547
119 1586
119 1589
119 1591
119 4521
119 4523
119 4525
123 1544
123 1547
123 1550
123 1589
123 1591
123 1593
123 4523
123 4525
127 1544
127 1547
127 1550
127 1553
127 1591
127 1593
127 1595
127 4523
127 4525
127 4527
127 4539
131 1547
131 1550
131 1553
131 1556
131 1593
131 1595
131 1597
131 4525
131 4527
131 4529
131 4531
131 4533
131 4535
131 4537
131 4539
134 1553
134 1556
134 1559
134 1595
134 1597
134 1599
134 4527
134 4529
134 4531
134 4533
134 4535
134 4537
134 4539
137 1556
137 1559
137 1562
137 1597
137 1599
137 1601
137 4529
137 4531
137 4533
137 4535
137 4537
140 1559
140 1562
140 1565
140 1568
140 1599
140 1601
140 1603
143 1565
143 1568
143 1571
143 1601
143 1603
143 1605
146 1568
146 1571
146 1574
146 1603
146 1605
146 1607
148 1571
148 1574
148 1577
148 1605
148 1607
148 1609
150 1574
150 1577
150 1580
150 1607
150 1609
150 1611
152 1577
152 1580
152 1583
152 1609
152 1611
152 1613
154 1580
154 1583
154 1586
154 1611
154 1613
154 1615
156 1583
156 1586
156 1613
156 1615
156 1617
158 1586
158 1589
158 1615
158 1617
158 1619
160 1586
160 1589
160 1591
160 1617
160 1619
160 1621
162 1589
162 1591
162 1593
162 1619
162 1621
162 1623
164 1591
164 1593
164 1595
164 1621
164 1623
164 1625
166 1593
166 1595
166 1597
166 1623
166 1625
166 1627
168 1595
168 1597
168 1599
168 1625
168 1627
170 1597
170 1599
170 1601
170 1627
170 1629
172 1599
172 1601
172 1603
172 1627
172 1629
172 1631
174 1601
174 1603
174 1605
174 1629
174 1631
174 1633
177 1603
177 1605
177 1607
177 1633
177 1635
180 1605
180 1607
180 1609
180 1635
180 1637
180 1639
183 1609
183 1611
183 1613
183 1637
183 1639
183 1641
186 1611
186 1613
186 1615
186 1639
186 1641
186 1643
189 1613
189 1615
189 1617
189 1641
189 1643
189 1645
192 1615
192 1617
192 1619
192 1643
192 1645
192 1647
195 1617
195 1619
195 1621
195 1645
195 1647
195 1649
198 1619
198 1621
198 1647
198 1649
198 1651
201 1619
201 1621
201 1623
201 1647
201 1649
201 1651
205 1621
205 1623
205 1625
205 1649
205 1651
205 1653
209 1623
209 1625
209 1627
209 1649
209 1651
209 1653
213 1625
213 1627
213 1629
213 1647
213 1649
213 1651
213 1653
217 1627
217 1629
217 1631
217 1645
217 1647
217 1649
217 1651
220 1627
220 1629
220 1631
220 1633
220 1635
220 1643
220 1645
220 1647
220 1649
223 1629
223 1631
223 1633
223 1635
223 1637
223 1639
223 1641
223 1643
223 1645
223 1647
226 1631
226 1633
226 1635
226 1637
226 1639
226 1641
226 1643
226 1645
229 1635
229 1637
229 1639
229 1641
361 2427
361 2430
361 3371
361 3375
361 3379
364 2421
364 2424
364 2427
364 2430
364 2433
364 2436
364 3367
364 3371
364 3375
364 3379
364 3383
364 3387
367 2418
367 2421
367 2424
367 2427
367 2430
367 2433
367 2436
367 2439
367 3363
367 3367
367 3371
367 3375
367 3379
367 3383
367 3387
367 3391
370 2418
370 2421
370 2424
370 2436
370 2439
370 2442
370 2445
370 3360
370 3363
370 3367
370 3371
370 3387
370 3391
370 3394
373 2415
373 2418
373 2421
373 2442
373 2445
373 2448
373 3360
373 3363
373 3367
373 3391
373 3394
373 3397
373 3400
376 2415
376 2418
376 2421
376 2445
376 2448
376 3360
376 3363
376 3367
376 3397
376 3400
376 3403
379 2415
379 2418
379 2421
379 2448
379 2451
379 3360
379 3363
379 3400
379 3403
379 3406
382 2415
382 2418
382 2421
382 2451
382 2454
382 2456
382 3360
382 3363
382 3367
382 3403
382 3406
382 3409
385 2415
385 2418
385 2421
385 2454
385 2456
385 2458
385 3360
385 3363
385 3367
385 3409
385 3412
385 3415
388 2415
388 2418
388 2421
388 2456
388 2458
388 2460
388 3360
388 3363
388 3367
388 3412
388 3415
388 3418
391 2418
391 2421
391 2424
391 2460
391 2462
391 2464
391 3363
391 3367
391 3371
391 3415
391 3418
391 3421
391 3424
394 2421
394 2424
394 2427
394 2462
394 2464
394 2466
394 3367
394 3371
394 3375
394 3421
394 3424
394 3428
397 2424
397 2427
397 2430
397 2433
397 2464
397 2466
397 2468
397 3371
397 3375
397 3379
397 3424
397 3428
397 3432
400 2427
400 2430
400 2433
400 2436
400 2466
400 2468
400 2470
400 3375
400 3379
400 3383
400 3387
400 3428
400 3432
400 3436
400 3439
403 2433
403 2436
403 2439
403 2468
403 2470
403 2472
403 3383
403 3387
403 3432
403 3436
403 3439
403 3442
406 2436
406 2439
406 2442
406 2470
406 2472
406 2474
406 3387
406 3391
406 3394
406 3436
406 3439
406 3442
406 3445
409 2439
409 2442
409 2445
409 2472
409 2474
409 2476
409 3387
409 3391
409 3394
409 3397
409 3439
409 3442
409 3445
413 2442
413 2445
413 2448
413 2474
413 2476
413 2478
413 3391
413 3394
413 3397
413 3400
413 3442
413 3445
413 3448
417 2445
417 2448
417 2476
417 2478
417 2480
417 3397
417 3400
417 3403
417 3445
417 3448
417 3451
421 2448
421 2451
421 2478
421 2480
421 3400
421 3403
421 3406
421 3448
421 3451
425 2448
425 2451
425 2454
425 2478
425 2480
425 2482
425 3400
425 3403
425 3406
425 3409
425 3451
425 3454
429 2451
429 2454
429 2456
429 2478
429 2480
429 2482
429 3403
429 3406
429 3409
429 3412
429 3451
429 3454
429 3456
433 2451
433 2454
433 2456
433 2458
433 2478
433 2480
433 2482
433 3406
433 3409
433 3412
433 3415
433 3454
433 3456
433 3458
437 2454
437 2456
437 2458
437 2460
437 2462
437 2474
437 2476
437 2478
437 2480
437 3409
437 3412
437 3415
437 3418
437 3456
437 3458
437 3460
440 2456
440 2458
440 2460
440 2462
440 2464
440 2466
440 2468
440 2470
440 2472
440 2474
440 2476
440 2478
440 2480
440 3412
440 3415
440 3418
440 3421
440 3458
440 3460
440 3462
443 2458
443 2460
443 2462
443 2464
443 2466
443 2468
443 2470
443 2472
443 2474
443 2476
443 2478
443 3415
443 3418
443 3421
443 3424
443 3460
443 3462
443 3464
446 2462
446 2464
446 2466
446 2468
446 2470
446 2472
446 2474
446 3418
446 3421
446 3424
446 3428
446 3462
446 3464
446 3466
449 3424
449 3428
449 3432
449 3464
449 3466
449 3468
452 3432
452 3436
452 3468
452 3470
454 3432
454 3436
454 3439
454 3468
454 3470
454 3472
456 3436
456 3439
456 3442
456 3470
456 3472
456 3474
458 3439
458 3442
458 3445
458 3472
458 3474
460 3445
460 3448
460 3474
460 3476
462 3448
462 3451
462 3476
462 3478
464 3451
464 3454
464 3476
464 3478
464 3480
466 3451
466 3454
466 3456
466 3478
466 3480
466 3482
468 3454
468 3456
468 3458
468 3480
468 3482
470 3456
470 3458
470 3460
470 3482
470 3484
472 3458
472 3460
472 3462
472 3484
472 3486
474 3460
474 3462
474 3464
474 3486
474 3488
476 3462
476 3464
476 3466
476 3486
476 3488
476 3490
478 3464
478 3466
478 3468
478 3488
478 3490
478 3492
480 3466
480 3468
480 3470
480 3490
480 3492
482 3468
482 3470
482 3492
482 3494
484 3470
484 3472
484 3494
484 3496
486 3472
486 3474
486 3494
486 3496
486 3498
488 3472
488 3474
488 3476
488 3496
488 3498
488 3500
490 3474
490 3476
490 3498
490 3500
490 3502
492 3476
492 3478
492 3500
492 3502
492 3504
494 3478
494 3480
494 3502
494 3504
494 3507
496 3478
496 3480
496 3482
496 3504
496 3507
498 3480
498 3482
498 3507
498 3510
500 3482
500 3484
500 3507
500 3510
500 3513
502 3482
502 3484
502 3486
502 3510
502 3513
502 3517
505 3484
505 3486
505 3488
505 3513
505 3517
505 3522
508 3486
508 3488
508 3490
508 3522
508 3529
508 3536
511 3488
511 3490
511 3492
511 3529
511 3536
511 3541
514 3490
514 3492
514 3494
514 3536
514 3541
514 3545
517 3492
517 3494
517 3541
517 3545
517 3549
517 3552
521 1414
521 3494
521 3496
521 3545
521 3549
521 3552
521 3555
525 1405
525 1410
525 1414
525 1417
525 1420
525 3496
525 3498
525 3549
525 3552
525 3555
525 3558
530 1399
530 1405
530 1410
530 1414
530 1417
530 1420
530 1423
530 3496
530 3498
530 3500
530 3552
530 3555
530 3558
530 3561
557 1390
557 1399
557 1405
557 1410
557 1414
557 1417
557 1420
557 1423
557 3498
557 3500
557 3502
557 3555
557 3558
557 3561
557 3563
569 1382
569 1390
569 1399
569 1405
569 1417
569 1420
569 1423
569 1426
569 3500
569 3502
569 3504
569 3558
569 3561
569 3563
575 1377
575 1382
575 1390
575 1420
575 1423
575 1426
575 3502
575 3504
575 3507
575 3561
575 3563
575 3565
580 1373
580 1377
580 1382
580 1420
580 1423
580 1426
580 3504
580 3507
580 3561
580 3563
580 3565
580 3567
585 1373
585 1377
585 1382
585 1417
585 1420
585 1423
585 3507
585 3510
585 3563
585 3565
585 3567
589 1369
589 1373
589 1377
589 1382
589 1414
589 1417
589 1420
589 3507
589 3510
589 3513
589 3565
589 3567
589 3569
593 1373
593 1377
593 1382
593 1390
593 1410
593 1414
593 1417
593 1420
593 3510
593 3513
593 3517
593 3567
593 3569
593 3571
596 1373
596 1377
596 1382
596 1390
596 1399
596 1405
596 1410
596 1414
596 1417
596 3510
596 3513
596 3517
596 3522
596 3569
596 3571
596 3573
599 1377
599 1382
599 1390
599 1399
599 1405
599 1410
599 3513
599 3517
599 3522
599 3529
599 3536
599 3571
599 3573
599 3575
602 1382
602 1390
602 1399
602 1405
602 3522
602 3529
602 3536
602 3541
602 3573
602 3575
602 3577
605 3529
605 3536
605 3541
605 3545
605 3575
605 3577
605 3579
608 3541
608 3545
608 3549
608 3552
608 3577
608 3579
608 3581
610 3549
610 3552
610 3555
610 3579
610 3581
612 3552
612 3555
612 3581
612 3583
614 3555
614 3558
614 3583
614 3585
616 3558
616 3561
616 3583
616 3585
618 3561
618 3563
618 3585
618 3587
620 3561
620 3563
620 3565
620 3587
620 3589
622 3563
622 3565
622 3567
622 3589
622 3591
624 3567
624 3569
624 3589
624 3591
626 3569
626 3571
626 3591
626 3593
628 3571
628 3573
628 3593
628 3595
630 3573
630 3575
630 3595
630 3597
632 3575
632 3577
632 3597
632 3599
634 3577
634 3579
634 3597
634 3599
636 3579
636 3581
636 3599
636 3601
638 3581
638 3583
638 3601
638 3603
640 3583
640 3585
640 3603
640 3605
642 3585
642 3587
642 3605
642 3607
644 3587
644 3589
644 3607
644 3609
646 3587
646 3589
646 3607
646 3609
648 3589
648 3591
648 3609
648 3611
650 3591
650 3593
650 3611
650 3613
652 3593
652 3595
652 3613
652 3615
654 3595
654 3597
654 3615
654 3617
656 3597
656 3599
656 3617
658 3597
658 3599
658 3617
658 3619
660 3599
660 3601
660 3619
660 3621
662 3601
662 3603
662 3621
662 3623
664 3603
664 3605
664 3623
664 3625
666 3605
666 3607
666 3625
666 3627
668 3607
668 3609
668 3625
668 3627
670 3607
670 3609
670 3627
670 3629
672 3609
672 3611
672 3629
672 3631
674 3611
674 3613
674 3631
674 3633
676 3613
676 3615
676 3633
676 3635
678 3615
678 3617
678 3635
678 3637
680 3617
680 3619
680 3637
680 3639
682 3617
682 3619
682 3637
682 3639
682 3641
684 3619
684 3621
684 3639
684 3641
684 3643
686 3621
686 3623
686 3641
686 3643
686 3645
688 3623
688 3625
688 3643
688 3645
688 3647
690 3625
690 3627
690 3645
690 3647
690 3649
692 3627
692 3629
692 3647
692 3649
692 3651
694 3627
694 3629
694 3649
694 3651
694 3653
696 3629
696 3631
696 3651
696 3653
696 3655
698 3631
698 3633
698 3653
698 3655
698 3657
700 3633
700 3635
700 3655
700 3657
700 3659
702 3633
702 3635
702 3657
702 3659
702 3662
704 3635
704 3637
704 3659
704 3662
704 3665
706 3637
706 3639
706 3662
706 3665
706 3668
708 3639
708 3641
708 3665
708 3668
708 3671
710 3639
710 3641
710 3668
710 3671
710 3675
713 3641
713 3643
713 3671
713 3675
713 3679
716 3643
716 3645
716 3675
716 3679
716 3683
716 3686
719 3645
719 3647
719 3679
719 3683
719 3686
719 3689
719 3692
722 3647
722 3649
722 3683
722 3686
722 3689
722 3692
722 3695
726 3647
726 3649
726 3651
726 3689
726 3692
726 3695
726 3698
730 3649
730 3651
730 3653
730 3692
730 3695
730 3698
730 3701
734 3651
734 3653
734 3655
734 3695
734 3698
734 3701
738 3653
738 3655
738 3657
738 3698
738 3701
738 3704
742 3655
742 3657
742 3659
742 3701
742 3704
742 3706
746 3657
746 3659
746 3662
746 3704
746 3706
746 3708
749 3657
749 3659
749 3662
749 3706
749 3708
749 3710
752 3659
752 3662
752 3665
752 3668
752 3708
752 3710
752 3712
755 3662
755 3665
755 3668
755 3671
755 3710
755 3712
755 3714
758 3665
758 3668
758 3671
758 3675
758 3712
758 3714
758 3716
761 3668
761 3671
761 3675
761 3679
761 3683
761 3714
761 3716
761 3718
764 3679
764 3683
764 3686
764 3716
764 3718
764 3720
767 3683
767 3686
767 3689
767 3718
767 3720
767 3722
770 3689
770 3692
770 3695
770 3720
770 3722
770 3724
772 3692
772 3695
772 3698
772 3722
772 3724
774 3695
774 3698
774 3724
774 3726
776 3698
776 3701
776 3726
776 3728
778 3701
778 3704
778 3728
778 3730
780 3701
780 3704
780 3706
780 3728
780 3730
780 3732
782 3704
782 3706
782 3708
782 3730
782 3732
784 3706
784 3708
784 3710
784 3732
784 3734
786 3710
786 3712
786 3734
786 3736
788 3712
788 3714
788 3736
788 3738
790 3714
790 3716
790 3738
790 3740
792 3716
792 3718
792 3738
792 3740
792 3742
794 3718
794 3720
794 3740
794 3742
794 3744
796 3718
796 3720
796 3722
796 3742
796 3744
798 3720
798 3722
798 3724
798 3744
798 3746
800 3722
800 3724
800 3726
800 3746
800 3748
802 3724
802 3726
802 3748
802 3750
804 3726
804 3728
804 3748
804 3750
804 3752
806 3728
806 3730
806 3750
806 3752
806 3754
808 3730
808 3732
808 3752
808 3754
808 3756
810 3730
810 3732
810 3734
810 3754
810 3756
810 3758
812 3732
812 3734
812 3756
812 3758
812 3760
814 3734
814 3736
814 3758
814 3760
814 3762
816 3736
816 3738
816 3760
816 3762
816 3764
818 3738
818 3740
818 3762
818 3764
818 3766
820 3738
820 3740
820 3742
820 3764
820 3766
820 3768
822 3740
822 3742
822 3766
822 3768
822 3770
824 3742
824 3744
824 3768
824 3770
824 3772
826 3744
826 3746
826 3770
826 3772
829 3746
829 3748
829 3772
829 3774
829 3776
832 3746
832 3748
832 3750
832 3774
832 3776
832 3778
835 3748
835 3750
835 3752
835 3776
835 3778
835 3780
838 3750
838 3752
838 3754
838 3778
838 3780
841 3752
841 3754
841 3756
841 3780
841 3782
844 3754
844 3756
844 3782
844 3784
847 3756
847 3758
847 3784
847 3786
850 3758
850 3760
850 3762
850 3784
850 3786
850 3788
853 3760
853 3762
853 3764
853 3786
853 3788
853 3790
856 3762
856 3764
856 3766
856 3788
856 3790
859 3764
859 3766
859 3768
859 3790
859 3792
861 3766
861 3768
861 3770
861 3792
861 3794
863 3768
863 3770
863 3772
863 3794
863 3796
865 3770
865 3772
865 3774
865 3794
865 3796
867 3772
867 3774
867 3776
867 3796
867 3798
869 3774
869 3776
869 3778
869 3798
869 3800
871 3776
871 3778
871 3780
871 3800
871 3802
873 3778
873 3780
873 3782
873 3800
873 3802
873 3804
875 3780
875 3782
875 3784
875 3802
875 3804
877 3782
877 3784
877 3804
877 3806
879 3784
879 3786
879 3806
879 3808
881 3786
881 3788
881 3808
881 3810
883 3788
883 3790
883 3810
883 3812
885 3790
885 3792
885 3810
885 3812
885 3814
887 3792
887 3794
887 3812
887 3814
889 3792
889 3794
889 3796
889 3814
889 3816
891 3794
891 3796
891 3816
891 3818
893 3796
893 3798
893 3818
893 3820
895 3798
895 3800
895 3820
895 3822
897 3800
897 3802
897 3822
897 3824
899 3802
899 3804
899 3822
899 3824
899 3826
901 3802
901 3804
901 3806
901 3824
901 3826
901 3828
903 3804
903 3806
903 3826
903 3828
905 3806
905 3808
905 3828
905 3830
907 3808
907 3810
907 3830
907 3832
909 3810
909 3812
909 3832
909 3834
911 3810
911 3812
911 3814
911 3834
911 3836
913 3812
913 3814
913 3834
913 3836
913 3838
915 3814
915 3816
915 3836
915 3838
915 3840
917 3816
917 3818
917 3838
917 3840
917 3842
919 3818
919 3820
919 3840
919 3842
921 3818
921 3820
921 3822
921 3842
921 3844
923 3820
923 3822
923 3844
923 3846
925 3822
925 3824
925 3844
925 3846
925 3848
928 3824
928 3826
928 3846
928 3848
928 3850
931 3826
931 3828
931 3848
931 3850
934 3826
934 3828
934 3830
934 3850
934 3852
937 3828
937 3830
937 3832
937 3852
937 3854
940 3830
940 3832
940 3854
940 3856
943 3832
943 3834
943 3854
943 3856
946 3832
946 3834
946 3836
946 3856
946 3858
949 3834
949 3836
949 3856
949 3858
949 3860
952 3836
952 3838
952 3858
952 3860
955 3836
955 3838
955 3840
955 3858
955 3860
958 3838
958 3840
958 3858
958 3860
961 3838
961 3840
961 3842
961 3856
961 3858
961 3860
964 3840
964 3842
964 3844
964 3854
964 3856
964 3858
964 3860
967 3842
967 3844
967 3846
967 3848
967 3850
967 3852
967 3854
967 3856
967 3858
970 3844
970 3846
970 3848
970 3850
970 3852
970 3854
970 3856
1369 3549
1369 3552
1373 3541
1373 3545
1373 3549
1373 3552
1373 3555
1373 3558
1377 3536
1377 3541
1377 3545
1377 3549
1377 3552
1377 3555
1377 3558
1382 3529
1382 3536
1382 3541
1382 3545
1382 3549
1382 3552
1382 3555
1382 3558
1382 3561
1390 3522
1390 3529
1390 3536
1390 3541
1390 3555
1390 3558
1390 3561
1399 3517
1399 3522
1399 3529
1399 3555
1399 3558
1399 3561
1405 3513
1405 3517
1405 3522
1405 3529
1405 3555
1405 3558
1405 3561
1410 3513
1410 3517
1410 3522
1410 3552
1410 3555
1410 3558
1414 3513
1414 3517
1414 3522
1414 3549
1414 3552
1414 3555
1414 3558
1417 3513
1417 3517
1417 3522
1417 3529
1417 3545
1417 3549
1417 3552
1417 3555
1420 3513
1420 3517
1420 3522
1420 3529
1420 3536
1420 3541
1420 3545
1420 3549
1420 3552
1423 3517
1423 3522
1423 3529
1423 3536
1423 3541
1423 3545
1423 3549
1426 3522
1426 3529
1426 3536
1426 3541
1530 4539
1532 4537
1532 4539
1534 4535
1534 4537
1534 4539
1536 4535
1536 4537
1538 4533
1538 4535
1541 4531
1541 4533
1544 4529
1544 4531
1547 4527
1547 4529
1547 4531
1550 4527
1550 4529
1553 4525
1553 4527
1556 4525
1556 4527
1559 4523
1559 4525
1562 4523
1562 4525
1565 4523
1565 4525
1568 4523
1568 4525
1571 4523
1571 4525
1571 4527
1574 4525
1574 4527
1574 4529
1574 4539
1577 4525
1577 4527
1577 4529
1577 4531
1577 4533
1577 4535
1577 4537
1577 4539
1580 4527
1580 4529
1580 4531
1580 4533
1580 4535
1580 4537
1580 4539
1583 4531
1583 4533
1583 4535
2321 3271
2321 3275
2321 3279
2324 3263
2324 3267
2324 3271
2324 3275
2324 3279
2324 3283
2327 3260
2327 3263
2327 3267
2327 3271
2327 3275
2327 3279
2327 3283
2327 3287
2330 3257
2330 3260
2330 3263
2330 3267
2330 3283
2330 3287
2330 3290
2333 3257
2333 3260
2333 3263
2333 3287
2333 3290
2333 3293
2336 3257
2336 3260
2336 3263
2336 3290
2336 3293
2336 3296
2339 3254
2339 3257
2339 3260
2339 3296
2339 3299
2342 3254
2342 3257
2342 3260
2342 3299
2342 3302
2345 3257
2345 3260
2345 3302
2345 3304
2345 3306
2348 3257
2348 3260
2348 3263
2348 3304
2348 3306
2348 3308
2350 3257
2350 3260
2350 3263
2350 3306
2350 3308
2350 3310
2352 3260
2352 3263
2352 3267
2352 3308
2352 3310
2352 3312
2354 3260
2354 3263
2354 3267
2354 3271
2354 3310
2354 3312
2356 3263
2356 3267
2356 3271
2356 3275
2356 3312
2356 3314
2358 3271
2358 3275
2358 3279
2358 3314
2358 3316
2360 3275
2360 3279
2360 3283
2360 3316
2360 3318
2362 3279
2362 3283
2362 3287
2362 3318
2362 3320
2364 3287
2364 3290
2364 3293
2364 3320
2364 3322
2366 3290
2366 3293
2366 3296
2366 3320
2366 3322
2366 3324
2368 3293
2368 3296
2368 3299
2368 3324
2368 3326
2370 3296
2370 3299
2370 3302
2370 3326
2370 3328
2372 3299
2372 3302
2372 3304
2372 3328
2372 3330
2374 3302
2374 3304
2374 3306
2374 3330
2374 3332
2376 3306
2376 3308
2376 3310
2376 3332
2376 3334
2378 3308
2378 3310
2378 3312
2378 3334
2378 3336
2380 3310
2380 3312
2380 3314
2380 3336
2380 3338
2382 3312
2382 3314
2382 3316
2382 3338
2382 3340
2384 3314
2384 3316
2384 3318
2384 3340
2384 3342
2386 3316
2386 3318
2386 3320
2386 3342
2386 3344
2386 3346
2388 3318
2388 3320
2388 3322
2388 3344
2388 3346
2388 3348
2390 3320
2390 3322
2390 3324
2390 3346
2390 3348
2390 3350
2392 3322
2392 3324
2392 3326
2392 3348
2392 3350
2392 3352
2394 3324
2394 3326
2394 3350
2394 3352
2394 3354
2396 3326
2396 3328
2396 3352
2396 3354
2396 3357
2398 3328
2398 3330
2398 3354
2398 3357
2398 3360
2400 3330
2400 3332
2400 3357
2400 3360
2400 3363
2402 3332
2402 3334
2402 3360
2402 3363
2402 3367
2404 3334
2404 3336
2404 3363
2404 3367
2404 3371
2406 3336
2406 3338
2406 3367
2406 3371
2406 3375
2408 3336
2408 3338
2408 3340
2408 3371
2408 3375
2408 3379
2410 3338
2410 3340
2410 3342
2410 3375
2410 3379
2410 3383
2412 3341
2412 3343
2412 3376
2412 3380
2412 3384
2412 3388
2415 3343
2415 3345
2415 3384
2415 3388
2415 3392
2418 3345
2418 3347
2418 3388
2418 3392
2418 3395
2421 3347
2421 3349
2421 3392
2421 3395
2421 3398
2421 3401
2424 3349
2424 3351
2424 3395
2424 3398
2424 3401
2424 3404
2427 3349
2427 3351
2427 3353
2427 3355
2427 3398
2427 3401
2427 3404
2427 3407
2430 3351
2430 3353
2430 3355
2430 3401
2430 3404
2430 3407
2433 3353
2433 3355
2433 3358
2433 3404
2433 3407
2433 3410
2436 3355
2436 3358
2436 3361
2436 3407
2436 3410
2436 3413
2439 3358
2439 3361
2439 3364
2439 3410
2439 3413
2439 3416
2442 3361
2442 3364
2442 3368
2442 3413
2442 3416
2442 3419
2445 3364
2445 3368
2445 3372
2445 3416
2445 3419
2445 3422
2448 3368
2448 3372
2448 3376
2448 3422
2448 3426
2448 3430
2451 3372
2451 3376
2451 3380
2451 3384
2451 3426
2451 3430
2451 3434
2451 3437
2454 3380
2454 3384
2454 3388
2454 3430
2454 3434
2454 3437
2454 3440
2456 3384
2456 3388
2456 3434
2456 3437
2456 3440
2456 3443
2458 3388
2458 3392
2458 3437
2458 3440
2458 3443
2458 3446
2460 3388
2460 3392
2460 3395
2460 3440
2460 3443
2460 3446
2462 3392
2462 3395
2462 3398
2462 3401
2462 3443
2462 3446
2462 3449
2464 3395
2464 3398
2464 3401
2464 3404
2464 3443
2464 3446
2464 3449
2466 3398
2466 3401
2466 3404
2466 3407
2466 3443
2466 3446
2466 3449
2468 3404
2468 3407
2468 3410
2468 3443
2468 3446
2468 3449
2470 3407
2470 3410
2470 3413
2470 3443
2470 3446
2470 3449
2472 3410
2472 3413
2472 3416
2472 3443
2472 3446
2472 3449
2474 3413
2474 3416
2474 3419
2474 3440
2474 3443
2474 3446
2474 3449
2476 3416
2476 3419
2476 3422
2476 3426
2476 3437
2476 3440
2476 3443
2476 3446
2478 3419
2478 3422
2478 3426
2478 3430
2478 3434
2478 3437
2478 3440
2478 3443
2478 3446
2480 3426
2480 3430
2480 3434
2480 3437
2480 3440
2482 3430
2482 3434
2482 3437
